10
Arbres-et-Plantes Cerfs Lapins Insectes Renards Oiseaux-de-proie Loups Champignons Bacteries Vers-de-terre
0 1 1 1 0 0 0 0 0 0
0 0 0 0 1 0 0 0 0 0
0 0 0 0 1 1 0 0 0 0
0 0 0 0 0 1 0 0 0 0
0 0 0 0 0 0 1 0 0 0
0 0 0 0 0 0 1 0 0 0
0 0 0 0 0 0 0 1 1 1
0 0 0 0 0 0 0 0 0 0
0 0 0 0 0 0 0 0 0 0
0 0 0 0 0 0 0 0 0 0
1000 10 100 200 500 0.1
200 5 50 100 300 0.2
150 4 40 80 250 0.3
100 3 30 60 200 0.4
50 2 20 40 150 0.5
30 1 10 20 100 0.6
20 0.5 5 10 50 0.7
10 0.2 2 5 30 0.8
5 0.1 1 2 20 0.9
2 0.05 0.5 1 10 1.0